3 0.5543352365 0.1654676199 0.1075144485 0.0935251787
3 0.7034682035 0.1276978403 0.1190751418 0.0985611528
3 0.3213872910 0.1895683408 0.2358381450 0.1474820077
3 0.5077793494 0.1109154930 0.1711456860 0.0589788732
3 0.5869872702 0.3802816901 0.3210749646 0.1496478873
3 0.9077086280 0.3239436620 0.1845827440 0.1161971831
3 0.4229137199 0.7147887324 0.3635077793 0.2112676056
3 0.7722772277 0.6179577465 0.2418670438 0.1161971831
3 0.7609618105 0.7103873239 0.2899575672 0.0924295775
3 0.8161244696 0.8538732394 0.2927864215 0.1566901408
3 0.2574257426 0.5096830986 0.2715700141 0.1382042254
3 0.0749646393 0.0994718310 0.1499292786 0.0642605634
3 0.1640735502 0.2015845070 0.1895332390 0.0765845070
