0 0.5224704742 0.2126944661 0.1130772904 0.1709039211
2 0.6571072319 0.1883802817 0.4588528678 0.1672535211
2 0.3940149626 0.0730633803 0.2356608479 0.0616197183
2 0.2157107232 0.1919014085 0.3366583541 0.1558098592
0 0.5436408978 0.6390845070 0.1945137157 0.1848591549
0 0.7705735661 0.6161971831 0.1396508728 0.1575704225
0 0.9002493766 0.5572183099 0.0798004988 0.0563380282
4 0.6234413965 0.5448943662 0.0623441397 0.0369718310
4 0.3740648379 0.5589788732 0.1234413965 0.0554577465
15 0.8503740648 0.6276408451 0.1571072319 0.0845070423
15 0.0473815461 0.5528169014 0.0660847880 0.0404929577
