0 0.0818363273 0.1272189349 0.1067864271 0.0621301775
1 0.2524950100 0.1227810651 0.1127744511 0.0621301775
2 0.4161676647 0.1242603550 0.1087824351 0.0665680473
3 0.5838323353 0.1213017751 0.1247504990 0.0710059172
4 0.7504990020 0.1198224852 0.1387225549 0.0621301775
5 0.9171656687 0.1242603550 0.1596806387 0.0724852071
6 0.0828343313 0.3772189349 0.1566866267 0.0562130178
7 0.2514970060 0.3727810651 0.1357285429 0.0576923077
8 0.4181636727 0.3772189349 0.1447105788 0.0636094675
9 0.5798403194 0.3772189349 0.1237524950 0.0650887574
10 0.7485029940 0.3772189349 0.1377245509 0.0636094675
11 0.9141716567 0.3742603550 0.1337325349 0.0636094675
12 0.0838323353 0.6331360947 0.1427145709 0.0902366864
13 0.2475049900 0.6301775148 0.1546906188 0.0769230769
14 0.4151696607 0.6272189349 0.1397205589 0.0739644970
15 0.5828343313 0.6227810651 0.1566866267 0.0784023669
16 0.7524950100 0.6242603550 0.1546906188 0.0680473373
17 0.9181636727 0.6257396450 0.1556886228 0.0754437870
19 0.0811594203 0.8782234957 0.1526570048 0.0816618911
18 0.2502415459 0.8782234957 0.1439613527 0.0816618911
20 0.4154589372 0.8810888252 0.1458937198 0.0873925501
21 0.5835748792 0.8782234957 0.1507246377 0.0787965616
22 0.7497584541 0.8782234957 0.1478260870 0.0802292264
23 0.9140096618 0.8796561605 0.1381642512 0.0787965616
